Homerus — inscriptiones

94,4 37, 943 77 ; 97,60 394, 983 ’1555115515115515511155

908, 9939949, 9935919, lv 3,91 lex Acilia v. Servilia. ’

919, 9,43919, 10,6 919, 1135115, lex agraria v. Thoria.
5. 5555. 65 37, Monumentum Aneyranum 1,97 9,91
epod. 9,97 193, 13,9 379, 55 , 3,10.4,9, 94, 96, 37. 43 398, 5,19 ,
5511111 1,59 66, 9,69 89, 9,90 65, 63139 398.

971, 938 190, 3,7 76, 4,4168, lex Antonia de Τ5111155111115 11. Tarm.

¹ 4,70 396, 4,105 977, 4,139 983, Augusti index 1. Mon. Aneyranum.

537 36 559 418 564379, 530 555 Β51111111111(551115Β5111115) 139 ’

77, 6,41,68 6,17 59, 638397· 051111519791991 596945.
6,66168,7,,777 10311681037 Seu. 05115. de Bacchanalibus 5115
386, Π9,91199, 938131, 9,68 - 55571555551151155.0111175196
106,3,177,3,134413;3,181414, 51136, 9945, 4945, 396, 64

3,,19350 3960 77 5103 997 638 136, 7907, 9450115), 396,891, ’

363, 659 59 6,59 191, 7,81 949, 907, 397,9136, 19 397, 13 136,

8,1130, 1691, 17 907, 397, 18136, 19 ,

epist 511 ,16 160· 158 933 9,45 930, 945,90945,9191,945,397,
338, 9,49 59, 9,51 350, 3,1.7 37, 99104, 136, 93397, 94104, 945,
6,11 966, 6,51 381, 634 64, 7,99 958, 97 316, 99 945.

, 904, 10,19 59, 10,13 341, 13,14 lex Cornelia de XX quaest. 0.1.1.Ι
36, 408, 143738 143, 1635 909, 175909 Ι Ζ. 39 50, 11’11 14 99 94
16,49 906, 16,65 350, 17,43 938, 50, 34 945, 41 374..

183 313, 1831330, 18,103 350, Epigramma Capuanum 0. 1. l. Ι
epist. ΙΙ 939 45, 64, 9,163 197, Ne. 1909 (-- 015111 9977) 65, 159. “
515 poet, 87 413, 963414, 304 15551 Capitolini 0. 1.Ι p. 461 5.

66, 35366, 374 406, 377413, 511115 715 33. ⁴

409 66. 15551 Praenestini (Verrins Flaccus)
comment. 01115,9ῑ)(Ι11151.)1491, G. Ι. 317 98 Apr. 44, 66, (51. 5. 5.

317196, 363119, 408937· 551 ,1,313 975511)[1319 93 Dee 398.
111155731511 fontanorum 5511511115111141151.

. 5515,Ρ51ρ11,1151111151[155570398

Η511151115 1555111115 (epi om Iliados) 805505111155111150115175199
1111111511 nil? 97, genet 111 11 397, Ζ,3(515,115119)6 13 56, 17 65.
abstinuit ab 51151555151115155111111 115- lexpagi Η515111511510.Ι.1.ΙΝ5.571
eab. 199, 555 post iambica non po· ' Ζ.9 945, 5 398, 6 945, 7945,
suu 2003 15115 551155, 455 ’5 51.

1433 551 155, sss 305; 1555155. ux Heracleensis sive 51. ueraci. ’

> Hyginu‘s 51. 15 515, 54 3103 57 1111 1115.

Lucr. 317, 119 915, 151 Lucr. 317, lex 511115 municipalis (Iex Η51551, 151).

169 310, 991 961, 949 310. 1151551.) (1.1 1. INo 9069. 13 986,

Hyginus vide grem. 19,50 99986, 9597945, 37

“ ’ · 135, 38104, 39135, 4394547
1· ·155;45135;45245;55245;a4
15551155151155515555515514639. 945, 66 945, 7[681 emor: est 149
’ 55555.ι ’ ’ ,5151551351155515155117

 

