Ω

33333335
3mmwmmmmm
mfflwffimwfflffl
lmmmmwmfflffl
3
lQOffiQffiffl
ffimfflfflmfflmw
33333333
39393333
993, 97 944, 100 145, 990,984,
mmfflwmeffl
lmmmmmfflmffi
nwmwmmffim
fflmmmmmmw
mwmmfflmwffl
mmmfflmwwm;
mwmfflmwm63
mfflmwQOm3
mmfflwmfflmm
mmmfflwmmm;
mwfflfflmmmm
mmmmwwwm

' 311 349, 317 910, 390155, 399

919, 330 156, 178, 339 399, 333
914, 343 173, 346 315, 347 981,
356 419, 369 490, 379 164, 374
97, 177, 196, 900, 389 164, 399
198, 395 418, 396 19, 400 19, 405
186, 419 345, 415 395, 419 117,
497 176, 431 86, 433 395, 440 350,
456 176; 489 133, 497 145, 504
37, 507 996, 511 171, 513 198,
514 144, 518 47, 596 175, 910,
534 144, 536 419, 539 191, 543
94; 555 350, 566 367, 569 18,
574 71, 581 173, 597 86, 601 379,
619 413, 616 173, 690 334, 693
310, 694 159, 697 149, 640 419,
644 334, 654 165, 175, 656 981,
667 181, 668 103, 670 19, 679
375, 675 186, 676 48, 183, 678
497, 689 156, 683 18, 703 141,

” 706 151, 710 95, 713 19, 715 413,

ῊΜΉΜ3333
mmmmmwwm

Luereti'us

1153 777 337, 787 981,’789 989,
796 94, 798 333, 805 183, 800
349, 369, 814 989, 816 106, 894
1333333ῌ33
156, 845 135, 850 64, 859 188,
853 194, 863 135, 866 190, 879
399, 879 149, 886 87, 893 360,
901 375, 909 87, 905 183, 906
409, 419, 490, 917 978, 918 169,
936 73, 350, 937 41, 949 954, 944
107, 949 183, 954 903, 337, 959
187, 969 114, 970 986, 988 39,
986 910, 1001 144, 1011 30, 1015
33, 998, 1017 140, 1090 347, 1091
903,1093395;1095148,999,1031
339, 495, 1035999, 1036367,1055
399, 1068 419, 1069 156, 1071 30,

1076 349, 1079 313, 1081 315, .

ι33;133333
mm -

wwffi;mmm3wm;
mffimaefflwmmm
33393335
33333333
93333339
33333333
2mmwmmfflfflh
mmmmmwwm'
mfflmwmmmm
mmmfflwwww
mmmmwmmm
mmmmwwmw
4033 231 173; 238 2622 244 145;
mffl,wwwfflw;w
ffi;mmmwmmffi

403, 991 376, 300 99, 311 181·ὁ L
314 909, 315 148, 331 919, 333
144, 351 335, 357 187, 364 69, · λ

369 146, 374 303, 388 360, 395
191, 360, 404 19, 409 999, 411
494, 414 150, 419, 415 494, 498
959, 439 416, 439 108, 445 30,
447 169, 455 95, 464 331, 471 133,
479 196, 473 419, 483 87, 495

,114, 516 397, 517 19, 518 175,

 

